1486446930
6634144204
9584386479
5408471228
9274575292
1462385994
8897275949
4501345844
2237642629
3619939716
5998434183
5054992850
9200086446
5577378828
8878949153
6674771837
9481632625
5430052840
5522927472
3964386154
4738149942
7659737858
7834907996
3709483816
5517326356
5540966076
8112770249
3704455918
4059828418
5175422453
2726763740
7299680441
2450893328
4040164656
2480883413
1499781988
9190777755
6694599597
2475247041
4876716133
5990610238
8487486025
5315032362
8282838408
5080134699
1904826243
3009504794
5268876588
3738421567
1525010608
4587959549
5891465159
7799454823
1718488145
2980291705
6080082152
8382797211
4219092254
7384940675
7475600136
5754734605
5033682319
9322879185
7406149718
7840639270
3680504147
6237019254
4929182621
5760898069
6194044318
6680445666
3329688654
3753245125
6990546790
8738864705
9017248803
4803208987
1211715036
6786006415
1128736044
9349841527
9315851557
9685033496
6295198152
3045621828
4017904003
4526320287
9662057491
3844361711
3800955843
2112849653
9514171075
9676657756
4029070765
7470186346
6085576601
2789650628
9982852869
7869860860
8839024293